259570102
259703308
403882309
69986407
74570200
245728475
737983661
370753849
525347092
131486903
237433339
644786722
24320788
150763978
114764911
545872564
157193743
141887674
327713212
283868180
335835907
4901567
516475222
49707823
21946385
143415040
73575605
148283668
27526540
40152800
389716093
351298967
29831797
348818191
329514860
131261860
93856546
245829130
63226438
130982221
100199041
229525099
658577861
504872281
566213308
410405797
462153857
139235006
723219883
263122945
318613165
522484090
294300742
416336725
521879924
9527509
635592797
15895010
70206970
465180188
540536350
337617748
555487124
276671050
66854333
50379955
249748741
99701629
457910219
497883311
16060124
121810198
208181680
366680882
498588089
186358315
133011298
238655933
426523447
446583101
594069595
645258535
151749415
226014248
269241418
333997930
430652846
393460216
518661508
574535753
341047609
533698621
137601380
292896731
35683960
211940887
524443478
236442745
352908388
289796176
19815454
512132648
417236723
338601349
665824169
204876829
96223094
106852528
305625788
136518337
81081343
197434711
23789398
37431575
235409605
33435886
115232113
226018511
90286750
50510852
20612653
166390886
4422523
314602489
226664222
312132901
278296882
478601186
576269876
521321857
637356101
635306314
28536403
337617748
151142845
158584729
157331903
121853143
153284665
103412897
452387918
230963194
306871264
104643688
29831797
524026843
236383144
691481251
496718005
83034827
62196919
527667916
164327461
689278511
612401245
395109563
146088742
15807239
301873030
46056208
537144079
370637759
135648892
524367223
226047874
175198681
56180977
390988795
51489898
345808618
45935374
541256116
97198165
146646947
572188897
719941631
147467659
227113985
458197879
282625270
314182981
661540918
382617593
500945531
263176898
647358067
529817359
89255291
443986382
328448618
460413385
32184257
19831948
6088930
415189588
245038237
345040186
101280232
253531097
24508129
352908388
24344545
106319537
384817325
489585668
618053623
387256798
481963265
104217619
721690690
353581417
269115541
177416056
169379854
135824386
26486036
538214194
714582574
534875281
123523331
692511847
408636646
16612213
324467423
175551320
589016057
301873030
24156151
553001086
174438446
314182981
356491112
224313769
691078499
189398749
240726376
499907504
111136753
123488582
535326553
67270577
705872131
224008765
590723924
198662020
291675004
398741344
97999781
685630100
370753849
332335859
131395588
341047609
328415968
153854092
177301724
158476171
126200444
246682775
67310920
132784702
306752684
72316331
392679505
251957948
122072629
282605548
140834626
708056824
392512384
262631533
1687541
522967883
689762213
260739373
86328043
505869088
76564142
76934219
483824968
546191212
512132648
303320605
117948859
122742521
689762213
163018297
16640236
682158842
432027250
256462555
33734242
279300071
52625165
23071048
95835790
555701126
218117854
330372034
339516689
205118881
153854092
536072824
410857757
266924218
39883603
691021738
721439446
384505585
427167544
47714512
104202833
313703488
68047753
249084434
73700509
409308769
10656248
294300742
694716209
229525099
167593274
274110746
622566128
108893134
641147495
419278726
444923362
275337352
262069858
607390054
93347866
348006835
101244328
285610666
183836839
303856816
1952348
119195161
443974127
644142944
557981930
372899185
379747543
213058417
53114128
29303375
425495225
124923899
650226851
351990277
105652048
228103964
292369498
50293012
382479673
145276234
331096753
206633071
453171988
148311182
350150272
85191301
69673493
675045895
183871304
690603818
123109552
49348087
213779870
409554493
403171456
20988037
164288087
390988795
166454419
165447167
86328043
108049694
117435619
707994910
687163102
281241541
665911522
103589896
384461615
701233606
71061103
347083910
585876427
31848835
419469047
437345461
349660321
161591044
422109583
244270319
337795768
18472435
321762962
447026014
427706216
332181970
587228344
380265814
65817689
205118881
309337958
490062127
734459014
89255291
95533408
442977928
476866414
139965101
397910641
9341255
422109583
20625247
10234261
371287708
652650412
667770868
4348510
441741197
192348790
151142845
425452999
265305248
46269667
122177482
213531757
420618073
658014881
705007042
96223094
400495456
40434982
231802984
249734345
224325262
444721781
115078903
425148910
647280379
442102987
93823225
552387694
182327977
572188897
222230356
16640236
116833117
83743369
107626447
318867721
268571806
249140965
474869396
435121403
257306521
16582291
331849268
554967271
271542940
714983603
410742805
123109552
284219618
272981195
419474290
183871304
120670247
85220044
260481821
238285495
127206268
474404362
171820186
435644830
260073398
55079797
346695583
24320788
168598868
254933021
13255598
456882679
489346601
607398469
303731446
107210842
438929074
1318720
263884289
401906734
56859847
306752684
539634194
420313730
748339610
307528219
280310368
327024397
650128568
365293999
319782197
480398092
396465313
72836560
253729040
497309533
19419100
234109493
195765890
96223094
265416223
314241230
508098931
218724874
192278827
704319118
382405114
231293933
438563771
486674311
321684044
546857149
59005816
82430758
685523774
128100952
244695241
454828201
30482971
7840585
223893910
62196919
111933031
634947763
235484456
453074557
726562165
122742521
24320788
582172430
303712483
699415642
243020881
88700375
69986407
446763988
705872131
400013953
146695573
45065731
307057153
70783123
333048217
161476661
76567945
432753028
564420149
386335336
231015007
434680376
108044716
524572771
726572653
199319090
290845624
464733523
98424940
136958096
35823245
390988795
660250897
647358067
265394911
117708214
7014376
610434247
212170108
153854092
486353287
446067671
393297724
14016787
358819222
67556501
85135724
131499769
213779870
524397559
41104583
326618170
120088207
573109393
486359492
193671025
101053601
116501017
128954876
382185682
109071541
616760560
5356171
53542408
137390380
100384043
572188897
239796170
6875296
340969183
649235225
2144624
685129181
4698661
251957948
658577861
51294658
162962392
100655365
182944123
475933453
61981631
23195294
64888733
669638054
264733108
531378877
135974674
676101523
409284289
131499769
690936073
701233606
505149548
260073398
339361150
49693522
568318088
22422685
302590183
338379976
551721886
495892195
210747862
72098611
240726376
417003710
152374729
480423148
361776376
66311323
70189792
105787402
476473523
357958579
619429514
136213123
50297599
567684757
262922884
160740925
153854092
402814820
391948649
249011378
197417267
256997912
624159478
211297222
227113985
17935600
375367271
483616150
214807411
534401218
265416223
530877926
125367940
583431608
71642135
311755499
66174836
345966503
95533408
502167118
331629784
310389677
70783123
179715305
285084481
20612653
279300071
733064740
378699085
174087074
142699411
612759478
404844622
640673585
129176270
71426981
434442161
219641191
332861563
235326127
81533986
736809289
514820416
84327626
403377856
507893
105743159
545849696
53542408
555592075
365081078
217277140
313021948
87413530
159886489
425514898
357869119
374252759
712868471
635607998
84472309
166055630
121035073
104448929
711340553
394312417
699117292
266726833
119058368
145117729
255160399
565779359
103551205
262741568
624927133
235802285
294811591
46269667
716809982
514820416
103785266
300320135
305625788
19419100
25492325
391233994
675858085
460936651
558782756
104202833
38061679
423707525
641356219
326560373
104303414
177847438
423707525
405004813
350979101
34499923
726572653
104217619
451954717
134845016
20983990
194883493
286383392
344071876
239298046
203092273
24489910
351304900
603231103
378361144
530534950
368841262
690448193
621602669
443265259
487117819
66311323
641356219
126807994
414561928
621293651
309382801
224389145
507916184
688380850
260701529
89130655
16324154
43860209
363201664
301830914
350872069
292892191
305657791
509467909
397477259
104874218
742265672
601757458
181150391
138476368
16324154
12956819
211424392
72733226
114764911
66174836
19815454
325345595
380598953
240712981
328448618
151847899
7840585
538214194
163659191
174343721
247127848
40651801
643873282
107412892
75445367
409320469
79756771
294300742
350756098
573347197
85924628
396155893
338482583
261278302
557481244
409982245
323623466
372842069
597604474
127206268
291182548
76567945
14746264
238285495
260739373
436880471
89050480
13118119
188034694
329625211
213329605
17110204
251253325
191489863
110312201
250660757
140803729
344958208
56678110
136958096
523969682
162986507
350872069
645016730
575047265
219461882
140868644
336490592
360614038
411460129
384461615
121035073
461837593
249140965
458220328
171359494
633989686
368829709
43860209
392044897
275626823
124923899
576349072
212757604
255416938
631087936
368027834
56465122
681720361
308538139
631087936
23761402
103274995
416243294
194208323
240712981
183570373
213076343
734936803
630666515
304646083
348818191
403495495
103712521
600349295
306216055
447134830
316070752
139790702
401928878
534875281
47387605
248215589
745758731
555374951
527740381
270384734
660250897
676861030
335602564
705007042
386884357
447134830
223764211
297627455
331712977
237888736
128551556
20368280
155205007
486157915
588793642
331096753
624777386
226352620
382617593
366961060
107626447
397438117
493399063
334747600
223314512
4901567
75445367
610932142
72537568
157193743
562273735
210675274
712460569
49393565
271427404
153286886
435121403
237781769
151099246
298372594
549415066
291222589
104643688
180959626
27239602
748351477
656632870
245728475
511118338
27684643
718221241
127682167
256036762
622075795
213779870
226549142
151099246
218609006
291609485
229525099
197669840
382698293
158718208
191533994
674010929
503787755
32211358
100026127
165300230
632145124
3502045
211053026
182981276